# Data from APBS 3.4.1
# 
# ATOM POTENTIALS
# 
1.475975e+02
7.719499e+01
6.867925e+01
2.700679e+01
2.821457e+02
-4.486481e+02
-1.463348e+02
5.471088e+02
2.375567e+01
1.096434e+01
4.430133e+00
2.242681e+01
-2.502929e+01
2.448323e+01
1.951887e+01
2.452366e+01
2.192205e+02
4.290599e+01
5.651969e+01
-5.793855e+02
-1.982170e+02
6.214936e+01
-6.060206e+02
1.816780e+02
1.648328e+02
-8.162977e+02
3.833261e+02
2.121029e+02
2.408160e+02
-5.552029e+02
-2.546587e+02
2.832136e+02
8.132973e+01
-8.520885e+00
3.995637e+01
-1.107608e+01
