# Data from APBS 3.4.1
# 
# ATOM POTENTIALS
# 
1.552128e+02
7.996323e+01
6.071990e+01
2.899828e+01
5.501152e+03
-5.628559e+03
-3.824515e+03
7.369414e+03
2.292185e+01
8.662656e+00
4.764473e+00
2.249138e+01
-2.486873e+01
2.515058e+01
1.827338e+01
2.442095e+01
2.331624e+03
4.618011e+01
3.829223e+01
-8.448910e+03
-1.804714e+02
2.684347e+03
-8.368082e+03
3.755524e+03
3.122017e+03
-6.380940e+03
3.361571e+03
3.873158e+03
6.586297e+03
-5.327565e+03
-2.791118e+03
1.969714e+03
1.007277e+03
-8.775025e+00
3.495508e+01
-3.485450e+00
