# Data from APBS 3.4.1
# 
# ATOM POTENTIALS
# 
1.527769e+02
6.041186e+01
5.640244e+01
3.099956e+01
5.513597e+03
-5.579829e+03
-3.823838e+03
7.353297e+03
2.610049e+01
9.014709e+00
6.251477e+00
7.489555e+00
-2.505898e+00
2.123950e+01
7.743866e+00
9.271442e+00
2.341554e+03
4.150932e+01
4.100497e+01
-8.398747e+03
-1.153263e+02
2.721503e+03
-8.365956e+03
3.730723e+03
3.081905e+03
-6.365930e+03
3.357171e+03
3.839884e+03
6.602039e+03
-5.270827e+03
-2.799533e+03
1.922569e+03
1.010509e+03
1.148759e+01
2.116143e+01
1.174560e+01
