# Data from APBS 3.4.1
# 
# ATOM POTENTIALS
# 
1.446925e+02
5.607690e+01
6.352698e+01
2.880722e+01
2.933536e+02
-3.971549e+02
-1.462105e+02
5.314197e+02
2.653965e+01
1.034210e+01
5.995196e+00
8.436631e+00
-3.865857e+00
2.074713e+01
9.780205e+00
8.810992e+00
2.289358e+02
3.718270e+01
5.696001e+01
-5.239388e+02
-1.251137e+02
1.062815e+02
-6.020433e+02
1.518237e+02
1.272098e+02
-7.922793e+02
3.717282e+02
1.808541e+02
2.568194e+02
-4.962880e+02
-2.630283e+02
2.331307e+02
8.501970e+01
1.238770e+01
2.615735e+01
3.697499e+00
