# Data from APBS 3.4.1
# 
# ATOM POTENTIALS
# 
1.931913e+02
1.233130e+02
1.081666e+02
6.868829e+01
3.361777e+02
-3.883548e+02
-8.451084e+01
5.974278e+02
8.725809e+01
6.292006e+01
9.930974e+01
9.829788e+01
9.682167e+01
1.346899e+02
1.117505e+02
9.409283e+01
4.643401e+02
1.709015e+02
1.991723e+02
-4.184178e+01
6.161927e+02
3.790709e+02
-4.112794e+02
3.213147e+02
2.744474e+02
-5.859006e+02
5.690576e+02
3.377617e+02
2.982448e+02
-4.878636e+02
-2.083275e+02
3.154717e+02
1.254267e+02
3.578870e+01
7.489463e+01
3.973451e+01
