# Data from APBS 3.4.1
# 
# ATOM POTENTIALS
# 
2.492241e+02
1.866814e+02
1.460341e+02
1.145625e+02
5.599885e+03
-5.542718e+03
-3.705678e+03
7.474934e+03
1.438615e+02
1.147859e+02
1.741477e+02
1.745459e+02
1.775700e+02
2.192824e+02
1.946264e+02
1.711815e+02
3.196624e+03
2.676594e+02
2.696787e+02
-4.871327e+03
6.141257e+03
3.756213e+03
-7.558375e+03
4.233637e+03
3.535636e+03
-5.678243e+03
3.860150e+03
4.348598e+03
6.687815e+03
-5.236494e+03
-2.693272e+03
2.069047e+03
1.093890e+03
6.880118e+01
1.168362e+02
8.590763e+01
