# Data from APBS 3.4.1
# 
# ATOM POTENTIALS
# 
1.459389e+02
5.761301e+01
6.455828e+01
2.979976e+01
2.948028e+02
-3.961348e+02
-1.438643e+02
5.330556e+02
3.008491e+01
1.234979e+01
1.903850e+01
1.464781e+01
8.964097e+00
4.764825e+01
2.346630e+01
1.741140e+01
3.608696e+02
7.200850e+01
9.575136e+01
-1.629827e+02
4.464430e+02
2.775978e+02
-5.111798e+02
2.016485e+02
1.627794e+02
-6.894067e+02
4.319471e+02
2.234158e+02
2.586035e+02
-4.950476e+02
-2.614731e+02
2.345387e+02
8.616540e+01
1.327828e+01
2.716594e+01
4.931364e+00
