# Data from APBS 3.4.1
# 
# ATOM POTENTIALS
# 
1.540377e+02
6.195741e+01
5.745029e+01
3.200373e+01
5.515082e+03
-5.578789e+03
-3.821397e+03
7.354961e+03
2.971648e+01
1.104144e+01
1.928973e+01
1.396755e+01
1.029547e+01
5.082273e+01
2.313845e+01
1.884054e+01
3.002157e+03
7.786186e+01
7.833474e+01
-5.095349e+03
5.860386e+03
3.554263e+03
-7.754939e+03
4.019317e+03
3.316986e+03
-5.888117e+03
3.615914e+03
4.125898e+03
6.603838e+03
-5.269561e+03
-2.797982e+03
1.923962e+03
1.011668e+03
1.238030e+01
2.217779e+01
1.299180e+01
